max 4 6 0
true 4 6 0
max 3.999799882845086 6.001145849676369 0.0005441682180564733
true 3.99999998326 6.000000096086 1.5164192099792473e-06
max 3.9998638994291333 6.000778059335305 0.00023017333266150963
true 3.9999999598900002 6.000000230146999 3.6321417300477776e-06
max 3.9999068033824177 6.000532059876607 5.1561185911541685e-05
true 3.99999994314 6.000000326232999 5.148560820122938e-06
max 3.9999152015993364 6.000483885210532 0.00026025489415326675
true 3.99999992639 6.000000422318998 6.664979880222077e-06
max 3.999957883633334 6.000239427068781 0.0006304596397450624
true 3.99999990303 6.000000556378999 8.780702180244404e-06
max 3.999820979938476 6.0010249750169535 0.0003067417611861689
true 3.99999988297 6.000000671451999 1.0596772750171013e-05
max 3.9998123977749622 6.00107418424229 0.00034846838299196214
true 3.99999986291 6.000000786524999 1.2412843240161564e-05
max 3.999856955534612 6.000820882948386 0.0009266391476860925
true 3.9999998428600003 6.000000901598999 1.4228913670200072e-05
max 3.999847861607846 6.000873114902651 0.0002911904657660891
true 3.99999981949 6.000001035658999 1.634463563027211e-05
max 3.9996280119927827 6.002133119598813 5.564247015987789e-05
true 3.9999997994300003 6.000001150731999 1.8160705900216456e-05
max 3.999575695457338 6.002433398135282 0.00031275220257942493
true 3.9999997826800002 6.000001246816999 1.9677124520223188e-05
max 3.9995481721543116 6.002591417770274 0.00016590078644207473
true 3.99999976593 6.000001342902999 2.1193543090269884e-05
max 3.999682994511187 6.001819165624059 0.0005714838387680388
true 3.99999974256 6.000001476962998 2.3309264740367652e-05
max 3.9997403211826144 6.001488895571309 -0.00017562508257107368
true 3.9999997225 6.000001592035998 2.512533474030576e-05
max 3.9997184789109967 6.0016138497772795 -6.599362107384543e-05
true 3.9999997024400002 6.000001707108998 2.6941404680291825e-05
max 3.9997106143544325 6.001661290161271 0.0002827630638899681
true 3.9999996823800004 6.000001822180998 2.8757474540341832e-05
max 3.9997767678645375 6.001279823256507 0.00010061961883534032
true 3.99999966233 6.000001937253998 3.05735443504318e-05
max 3.9997691410815968 6.001323557950421 0.00036883301843526617
true 3.9999996389600003 6.0000020713129985 3.2689265560437164e-05
max 3.9997264542127744 6.0015684168359975 0.0001336767350328394
true 3.9999996222000003 6.000002167398998 3.420568373035948e-05
max 3.9996775257479 6.00184954090587 -0.0003262849739089635
true 3.99999960545 6.000002263484998 3.5722101850321764e-05
max 3.9995193226765053 6.002755812004868 0.0010009883807382547
true 3.99999958208 6.000002397543998 3.783782285027293e-05
max 3.9995523309172873 6.002566516109658 0.0012957910957627217
true 3.99999956202 6.000002512615998 3.9653892280222536e-05
max 3.9994920151180993 6.002912256233272 0.001477801292009362
true 3.9999995419600003 6.000002627688998 4.14699616502201e-05
max 3.9996049277615997 6.002263476029198 0.0011677943526924306
true 3.9999995219 6.000002742760998 4.328603096026562e-05
max 3.999400421691877 6.003435152726979 0.0010870051319555873
true 3.9999994985300003 6.000002876819998 4.54017516302585e-05
max 3.9995602549197784 6.002520872601478 0.001150502277317944
true 3.99999948178 6.000002972904999 4.6918169370302465e-05
max 3.9995985906719933 6.0023011306797605 0.0012535139564027187
true 3.99999946502 6.000003068990998 4.8434587080370406e-05
max 3.999653133106505 6.00198767266095 0.0010422355363843838
true 3.99999944165 6.000003203049999 5.055030752032508e-05
max 3.999486423262631 6.002947023277243 0.0004688532111829513
true 3.99999942159 6.0000033181219985 5.23663764804283e-05
max 3.9995337152087633 6.0026764076888535 0.0004136371036016495
true 3.99999940153 6.000003433193998 5.418244537036543e-05
max 3.9995897873307578 6.002354402358369 -8.986276141009775e-05
true 3.9999993814600003 6.000003548264998 5.5998514190358506e-05
max 3.9996904281771095 6.001776643560978 -0.00044067371230616104
true 3.9999993614 6.000003663336998 5.781458296039155e-05
max 3.999534515089205 6.002672204824675 -0.0008257312294721597
true 3.9999993380300003 6.0000037973959985 5.9930302960475856e-05
max 3.999535303235438 6.002667682802121 -0.0007676228674742269
true 3.9999993212700002 6.000003893480998 6.144672026042741e-05
max 3.9996218386233426 6.002171865155703 2.8578696489978128e-05
true 3.99999930452 6.0000039895659985 6.296313749043492e-05
max 3.9997868951686564 6.001223865748793 0.0003217130404074009
true 3.99999928114 6.000004123623999 6.507885728046503e-05
max 3.9997720422743877 6.001313402246021 0.0008221577603322316
true 3.99999926108 6.000004238695999 6.689492568057176e-05
max 3.999696199349647 6.001749992544375 8.298690876706871e-05
true 3.9999992410200003 6.000004353767999 6.871099403049641e-05
max 3.999624001685298 6.002163782524982 0.00019469928473525577
true 3.9999992209500004 6.000004468838998 7.0527062310477e-05
max 3.9996069747917944 6.002261445768415 0.0002991256613731341
true 3.99999919757 6.000004602897999 7.264278177054884e-05
max 3.99950405814798 6.003029816295056 -0.0029728160119315214
true 4.000030429700001 6.000005602242998 -0.003216098538479449
max 3.999643153955204 6.003032813294096 -0.017963260803332867
true 4.000169382680001 6.000008596161998 -0.01820637074394945
max 3.9998503798590077 6.003033521756975 -0.041257879840691736
true 4.000376625360001 6.000009304698998 -0.041501146991049453
max 4.0003818552774 6.00225373477401 -0.08598260471520552
true 4.000774079610001 5.999996896029998 -0.08620942847504945
max 4.0013546606733055 6.002143748270206 -0.195478221741268
true 4.001746543760001 5.999886948054998 -0.19570448841264945
max 4.0028706165363 6.001753702068761 -0.37020947620743627
true 4.0032627546700015 5.999496836203998 -0.37043466924464946
max 4.005162772029359 6.000549031945507 -0.659313857826709
true 4.0055514628700015 5.998293976734998 -0.6595425403076495
max 4.006817817421521 5.998995368607631 -0.9130108447161713
true 4.007208296840002 5.996738637509998 -0.9132348467186494
max 4.008087449615266 5.996948991956155 -1.1834837119028205
true 4.008485285990002 5.994680397552998 -1.1837074127306495
max 4.008358375918826 5.995738754118618 -1.3014985033989366
true 4.008755028910002 5.9934754292219985 -1.3017252047106493
max 4.00825877676846 5.995687644784135 -1.301708561292517
true 4.008755165020002 5.993475499101999 -1.3017228606106495
max 4.008348814372325 5.995377018971588 -1.3016956479626962
true 4.008845202150002 5.993164874948999 -1.3017099170106494
max 4.008843477755976 5.993621952413499 -1.301688065571519
true 4.009339859750002 5.9914098291909985 -1.3017023621306494
max 4.009472122302507 5.991378409338206 -1.3016883217084663
true 4.0099685039800015 5.9891662866359985 -1.3017027388706495
max 4.010594872707474 5.987422582812583 -1.3016603857730409
true 4.011091277450001 5.9852103825829985 -1.3016744539406495
max 4.012890022080718 5.979316800606853 -1.301624396944503
true 4.013386566410001 5.977104135636998 -1.3016382048006494
max 4.018232533553359 5.96032351111733 -1.3015836861136345
true 4.018728645740001 5.958112120186998 -1.3016051217206495
max 4.023851702624177 5.940291539630496 -1.3015840051106242
true 4.024348437720001 5.938078456801998 -1.3015975740506494
max 4.030008829153969 5.918341076149323 -1.3015831348831968
true 4.030508057560001 5.916119030230998 -1.3015893329506494
max 4.036710644225256 5.894447447201797 -1.3015775841688269
true 4.037207545740001 5.892233848740998 -1.3015809620206495
max 4.045194441452739 5.864194757250213 -1.3015901341245106
true 4.045693697180002 5.8619743280269985 -1.3015731943306494
max 4.05172881258146 5.8408990822866125 -1.3016031103577443
true 4.0522262640300015 5.838686252831998 -1.3015641335706494
max 4.0586244772086655 5.816305499920555 -1.3015918420015187
true 4.059121046410001 5.814096090365998 -1.3015611896106494
max 4.069024026296629 5.779369148221683 -1.296713772465205
true 4.069517430520001 5.777168443595999 -1.2967322952006495
max 4.079054109496488 5.745503916292324 -1.2768814906703578
true 4.079540324300001 5.743326652085999 -1.2768943977806495
max 4.0903558837652065 5.709978751423913 -1.2569063159717118
true 4.090848095350001 5.707784547438999 -1.2568807366706494
max 4.102533804713042 5.674169629172387 -1.2369009660314425
true 4.103024803760001 5.6719784933929995 -1.2368831955906494
max 4.11762576533588 5.632752052530354 -1.2136016008182133
true 4.118110199420001 5.630581537701 -1.2135856150606494
max 4.12902654940116 5.603311038163337 -1.1968882996007102
true 4.129513764680001 5.601132576665999 -1.1968872938606494
max 4.140927504931169 5.574038823845645 -1.1801785253810817
true 4.141407471060002 5.571878131998999 -1.1801890103406494
max 4.158336792316099 5.533561377578707 -1.1568380539676835
true 4.158814368050002 5.531402478667999 -1.1568915359506495
max 4.174023880602655 5.49915634765458 -1.1368442977678446
true 4.174504560110002 5.496990777559 -1.1368938931006494
max 4.190390299716136 5.465083790993206 -1.11684852552116
true 4.190879733600002 5.462899689748999 -1.1168964172206495
max 4.207437510351737 5.431337927129855 -1.0968734753633052
true 4.207933338020002 5.429142838849 -1.0968991329006494
max 4.228143195958676 5.3924638508970855 -1.0736083288469436
true 4.2286472706600025 5.390255561839 -1.0736025640106495
max 4.243542245510019 5.364898399914235 -1.0568927423911647
true 4.2440482739100025 5.362685681259 -1.0569051600906494
max 4.259396932350486 5.3375976964091265 -1.0401612646954825
true 4.259907468000002 5.335376771649 -1.0402078759006494
max 4.282282109712082 5.2999444741870185 -1.016877302022114
true 4.282791575100003 5.2977255553989995 -1.0169118520706495
max 4.302604294575388 5.268086499989181 -0.9968250862998258
true 4.303129655250003 5.265839429409 -0.9969154054756495
max 4.323561097761972 5.236636476881029 -0.9768070203932944
true 4.324101262680003 5.234366306199 -0.9769191292966495
max 4.34521504538169 5.20549448535713 -0.9567888379905661
true 4.345698009040003 5.203318765409 -0.9569230033376495
max 4.371156982633785 5.169871436529673 -0.9334813003880036
true 4.371635082130003 5.167701593199 -0.9336276684416495
max 4.39025021878714 5.144724117697083 -0.9168196364245201
true 4.390732119950003 5.142549904589 -0.9169311197566494
max 4.409774378856325 5.11988289780797 -0.9001146501124482
true 4.410246445950003 5.117720535229 -0.9002346387216494
max 4.437668819958744 5.085814688235161 -0.8768198060864095
true 4.438159961350003 5.083629997449 -0.8769396785626494
max 4.462258679008704 5.057072766793604 -0.8568878913977407
true 4.462747974750003 5.0548929551690005 -0.8569441586116494
max 4.487436258121985 5.028937429325567 -0.8286708342323926
true 4.487919455420003 5.026765961919001 -0.8287138881686494
max 4.5135306533838495 5.001801381637609 -0.7886669245194694
true 4.514008763480003 4.999635565319001 -0.7887185806896495
max 4.540661103573269 4.975764674514795 -0.7470242580933177
true 4.541154500420004 4.973583394709001 -0.7471063264346495
max 4.568976126395576 4.951635043714642 -0.6590525355365977
true 4.569466711670003 4.949456885819001 -0.6591019885456495
max 4.604755903484168 4.928699245474649 -0.47289479351737085
true 4.605278684630004 4.926500702349001 -0.47299385565964946
max 4.632668195699248 4.917412396901114 -0.2977166976261878
true 4.633201601430003 4.915209774519001 -0.29780214700564944
max 4.662022288977869 4.911415599247692 -0.1057510490904759
true 4.6625570473500035 4.909212730909001 -0.10584408208364945
max 4.703420666625152 4.9131291693442565 0.1887098370378461
true 4.703999269810003 4.910927901999001 0.18862096446835055
max 4.736953776819652 4.924495612922217 0.46363931943462633
true 4.737548030480003 4.922298853509001 0.4635177737073505
max 4.765695673712022 4.944784481795624 0.768455464153872
true 4.766215243510003 4.942603206269001 0.7682961305233504
max 4.7865026063520055 4.9728590843813345 1.0933627137180082
true 4.787067345120003 4.970626779569001 1.0932294501693502
max 4.796629902091662 5.006842171861679 1.4708537602048173
true 4.797190488720003 5.004596226459 1.4707642012493503
max 4.796978647338629 5.0135192462096745 1.5649202313255135
true 4.797539276150003 5.011274236449 1.5648314975093502
max 4.795858457528678 5.0136573322498545 1.5647387762145273
true 4.797539285960003 5.011274235129 1.5648314020893503
max 4.795857614209555 5.013688975799936 1.5614516094837818
true 4.7975384345000025 5.011306184038999 1.5615443885993503
max 4.795855202751414 5.013855644870629 1.5431635484032882
true 4.797536027640002 5.011472694108999 1.5432562225693502
max 4.795855960981221 5.01403338649784 1.523166833659389
true 4.797536786720002 5.011650635968999 1.5232596362693502
max 4.795870999683792 5.014430927127682 1.4784520877373046
true 4.797551827830002 5.0120482400889985 1.4785449391393504
max 4.796024474479789 5.015605551815583 1.345904584324974
true 4.797705304630002 5.013223223198999 1.3459990307893503
max 4.796380873095099 5.016900801195355 1.1958828140251785
true 4.798062044730002 5.014519714488999 1.1959755256593503
max 4.79713562699589 5.018493764137494 0.9991465239148578
true 4.798816532650002 5.0161121158389985 0.9992437374293504
max 4.7991834498301555 5.020857311963564 0.6498555880948496
true 4.800859789040002 5.018470389698999 0.6499523121213503
max 4.801185093573915 5.021993995630897 0.4078963710189017
true 4.802859246990002 5.019605835568999 0.40799447658635035
max 4.800798811824772 5.02254885574835 0.4081123078964184
true 4.802859136300002 5.019605997718999 0.4079974740893504
max 4.80082630700744 5.022561674729789 0.4048060059281094
true 4.802886705200002 5.019618851069 0.40469117041235037
max 4.8010051115996095 5.022642766101051 0.38319260817607986
true 4.803065767320002 5.019700059249 0.3830776494143504
max 4.801144509537676 5.022702970478064 0.36648979382752217
true 4.803205170620002 5.0197602659489995 0.3663746002253504
max 4.801645380016092 5.022894583785849 0.3070639168743631
true 4.803706123520002 5.019951910789 0.3069481124593504
max 4.802508864226841 5.023151688842074 0.20712805887072627
true 4.804567966740002 5.020208527258999 0.20701250395235038
max 4.803824357102104 5.023371559285423 0.0589234342100447
true 4.8058824542300025 5.020428230238999 0.05880789531135039
max 4.8040366005907265 5.023327675984015 0.0414526173442038
true 4.806095043040003 5.020384273528999 0.0413262674080504
max 4.804358356804082 5.023342925970431 0.04147733879258612
true 4.806416803560003 5.020399523719 0.041350989005050395
max 4.80650843832232 5.023441303611973 0.041512647433058665
true 4.808566874040003 5.020497900679 0.0413862391370504
max 4.808176910072212 5.023517211529933 0.0415219267322432
true 4.810235369740003 5.020573809719 0.041395544260150394
max 4.811920205065845 5.023692143161224 0.041656382377267154
true 4.813978619330003 5.020748739159 0.041529988684450396
max 4.824757435661426 5.024284530543009 0.041817419974134594
true 4.826813468550003 5.021341019989 0.0416925149926504
max 4.843162073671097 5.0251309276179645 0.0419027182396781
true 4.8452168493200025 5.022187362509 0.0417759142780504
max 4.867848468302153 5.026269481798846 0.042030469173835454
true 4.869902503480002 5.023325873089 0.0419004537834504
max 4.899241799835841 5.027717300669434 0.04209466671531377
true 4.901291921530002 5.024773312409 0.0419774115907504
max 4.944266065956763 5.029799301837321 0.04219965043268548
true 4.946372858210002 5.026858537049 0.0421063126497504
max 4.980849893551036 5.031491317124687 0.04220653390054769
true 4.982878355100002 5.028545662159 0.042131011101550396
max 5.017531992184448 5.0331849156745845 0.04215271890472039
true 5.019579546215002 5.030240761349 0.04213122736735039
max 5.068724432657703 5.035548899116381 0.042188767875239556
true 5.070785391526003 5.0326058195689996 0.0421326515744504
max 5.112668216624153 5.037579489379026 0.0422425980634266
true 5.114738885770002 5.034635989109 0.04213470272075039
max 5.1566147888223375 5.039610463973035 0.04226202867840951
true 5.158692369462003 5.036666261589 0.042137274940250394
max 5.200570129697857 5.0416407036283015 0.04225387220887428
true 5.2026458421690025 5.038696655489 0.042140212240550395
max 5.24453816448754 5.043672823277971 0.04227915196322245
true 5.246599308616003 5.0407271839789995 0.0421433787055504
max 5.295726931227374 5.046035293536951 0.042178780459822755
true 5.297805088018003 5.043092929948999 0.042147258541750394
max 5.332431187042351 5.047730554178157 0.042171992090397584
true 5.334506218470003 5.044788674738999 0.042150132203650395
max 5.369148497991875 5.049427440688537 0.04216618442189714
true 5.371207343841003 5.046484525928999 0.042153059782250396
max 5.420320235685783 5.0517905633513065 0.042157107167029036
true 5.422413094143003 5.048850775159 0.0421572170334504
max 5.464265783064081 5.0538211880262685 0.0421193451889796
true 5.466366522852003 5.050882060789 0.042160806047550396
max 5.508193090889006 5.055850656697511 0.042080059420829374
true 5.510319943423004 5.052913504569 0.0421644159843504
max 5.552133282649787 5.05788088085579 0.042038267058105316
true 5.554273355991004 5.054945107459 0.0421680448138504
max 5.603338736690597 5.060246765311034 0.04201016588630345
true 5.605479070835004 5.057312126499 0.0421722983503504
max 5.640058550327478 5.0619433582990006 0.04197541259967917
true 5.642180156087004 5.059008793739 0.042175352726750395
max 5.676779669889112 5.063640916349166 0.04197505662547428
true 5.6788812387420045 5.060705572859 0.0421783966328504
max 5.728055488138361 5.06601224690586 0.04200688731255053
true 5.730086930368005 5.0630731221289995 0.042182650203150394
max 5.771996124703263 5.068041388613088 0.04197787975171165
true 5.774040305780005 5.065105527078999 0.0421863072966504
max 5.815951332602633 5.0700742044498845 0.04201423910022678
true 5.817993671754005 5.067138093058999 0.0421899789434504
max 5.859850217715272 5.072103961409891 0.041998881735295514
true 5.861947031446005 5.069170820458998 0.04219364405285039
max 5.903798035739083 5.074136924724055 0.04199699382378814
true 5.905900385720905 5.071203708578999 0.042197296817250395
max 5.954992473267648 5.0765026394943025 0.041935218414293395
true 5.9571060320477045 5.073572225898999 0.0422015590239504
max 5.9916943905455495 5.078200625944584 0.0419481705673556
true 5.993807068694594 5.075269967008999 0.042204618647750394
max 6.028398724171331 5.079899151012419 0.04197707050542146
true 6.030508098227104 5.076967820638998 0.0422076880790504
max 6.079635510291969 5.082269771381758 0.04194734997116116
true 6.081713720481304 5.079336870288999 0.04221195461395039
max 6.123556152992831 5.0843031172891715 0.04198266987860025
true 6.125667036823003 5.081370563258998 0.042215609502450395
max 6.167497155082588 5.086336699008108 0.04202366397899631
true 6.169620344704003 5.083404416988998 0.042219268883450393
max 6.211470071185593 5.088373209633346 0.04205910756794741
true 6.213573644755003 5.085438431618998 0.0422229366492504
max 6.262701612591546 5.090742666871244 0.042063348509607246
true 6.264779228537003 5.087808262338998 0.0422272149458504
max 6.299396109400607 5.0924434068051125 0.04204955966104376
true 6.3014802229540035 5.089506944988998 0.042230266210250396
max 6.3361042538669015 5.0941415768355744 0.0420231113415304
true 6.338181210985003 5.0912057396389985 0.0422333191678504
max 6.387295608873945 5.096512513297519 0.04204662241814022
true 6.389386772137003 5.093576101508998 0.042237582784650396
max 6.431242847496443 5.098546886327034 0.042025461261956616
true 6.433340034017003 5.095610921198999 0.0422412547528504
max 6.47522620915415 5.1005840442730905 0.042026350974348425
true 6.477293288672003 5.097645902418998 0.0422449237774504
max 6.519193181459468 5.1026207909958385 0.042058287107757726
true 6.521246538618003 5.099681044478998 0.0422485769729504
max 6.570371560199582 5.1049917839988685 0.04205283482276166
true 6.5724520632280035 5.102052187608997 0.042252838620950396
max 6.607065580777197 5.106690933646961 0.04203916169593505
true 6.609153012794003 5.103751810708998 0.042255896415150394
max 6.643750432691104 5.108391858775454 0.04231392935207756
true 6.645853955293004 5.1054515462389976 0.0422589645928504
max 6.69497603138615 5.110765702475884 0.04232899139584812
true 6.697059455187004 5.107823221598998 0.04226323354865039
max 6.738923622917601 5.112801293697356 0.04231687528198157
true 6.741012667360004 5.109859168408997 0.0422668868422504
max 6.782844991809355 5.114834675128584 0.04225968344374904
true 6.784965870610004 5.1118952759289975 0.042270545186850396
max 6.826780260182027 5.116870089632714 0.042276853092619505
true 6.828919066483004 5.113931544258998 0.042274209917250394
max 6.8779354321619115 5.119239410569522 0.04223664181416043
true 6.8801245281830035 5.116304000428998 0.042278488931150396
max 6.914637643703869 5.12094009381992 0.04223810108725157
true 6.916825435117003 5.118004564908998 0.04228154076595039
max 6.951326505635945 5.122640307993724 0.042237521801274144
true 6.953526336179003 5.119705241338997 0.042284592003450396
max 7.002546360715389 5.125011486570234 0.042187520364832976
true 7.004731775410003 5.122078228628997 0.04228885401195039
max 7.046496653172124 5.127047659324731 0.04219213849491801
true 7.048684933160003 5.124115301778997 0.042292522948050394
max 7.0904466719039725 5.129083958079288 0.04218113892650323
true 7.092638082770003 5.1261525364189975 0.042296193517350394
max 7.134417797212589 5.131122844261203 0.042189401176828185
true 7.136591228160003 5.128189931948997 0.0422998463742504
max 7.18565288061287 5.133497207626049 0.04220107613560742
true 7.187796631060003 5.130563700298997 0.04230410625905039
max 7.2223481011462 5.13519881525999 0.04222622054278838
true 7.224497493370003 5.132265204948997 0.042307162074350396
max 7.259010707736253 5.1369508917709465 0.047185127893725864
true 7.2611513651600035 5.134017229538997 0.047259797657750395
max 7.309994179482273 5.1401518685571705 0.07028833588167385
true 7.312101267090004 5.137219544238997 0.0705158034661504
max 7.353653358617443 5.143851587426321 0.09190029392525718
true 7.355750331370004 5.140918541018997 0.0921219205177504
max 7.396680279162311 5.149179718715701 0.1552012912965615
true 7.398848007610004 5.146248999488996 0.15525715881135038
max 7.438978820255951 5.157872861867144 0.24682034190873986
true 7.441127128280004 5.154937998048997 0.2468948128363504
max 7.478254213282131 5.166395377161226 0.3574572927845458
true 7.480404445200004 5.163459852018997 0.35750428716835037
max 7.48115430041345 5.166451076475982 0.3596249841207906
true 7.483277206290004 5.163515060038997 0.35969120835435037
max 7.481331938819599 5.166158181987356 0.3596301882025543
true 7.483277130850004 5.163515184478998 0.3596934311333504
max 7.478605149346974 5.165023940934665 0.37517487787083237
true 7.483153507780004 5.163463876608998 0.37459436780035027
max 7.475782803383451 5.16378103308132 0.3942189963655416
true 7.482989657620005 5.163391584558998 0.39457852880735045
max 7.474955439410922 5.163395682974998 0.4244329719295843
true 7.482746996920005 5.1632783370289985 0.42444022560935046
max 7.473582008543937 5.16265049620872 0.5163348653540973
true 7.482027748880005 5.1628879010989985 0.5156738825163512
max 7.471204316726215 5.160940795007074 0.6725143110002669
true 7.480900885580004 5.162079404488999 0.6704282777363506
max 7.470101756371586 5.1599337239282015 0.7643146668504883
true 7.480228755290004 5.161467170548999 0.7614092232363507
max 7.47042934371602 5.159683080491503 0.7635697806420061
true 7.4802285873200045 5.161467298808999 0.7614123971623508
max 7.471571351485177 5.160695719816681 0.7753712149766878
true 7.480156368420005 5.161395682178998 0.7729245979053507
max 7.471217156064878 5.160322043029291 0.794315956725256
true 7.480054412690005 5.161288233588999 0.7896068111823507
max 7.47055289046422 5.159598805837668 0.8147884946876234
true 7.479924684390005 5.161147121838998 0.8111997900273504
max 7.470457835898307 5.159486513435801 0.8835990753831755
true 7.479532316850005 5.160684233588999 0.8791622823963507
max 7.4697565838862205 5.158322460262806 1.017332282166529
true 7.478855955500005 5.159687053448999 1.0139179624993506
max 7.468294777812504 5.154951912147801 1.256551749622651
true 7.478007390460005 5.1577281261189984 1.2530465929993504
max 7.469123082704708 5.154052011483086 1.467709766887193
true 7.477704264130004 5.155847908598998 1.46604096214935
max 7.469275528817063 5.153746274890417 1.4842158216880978
true 7.477789135420005 5.155677546678999 1.4825082950793496
max 7.469289210165598 5.153897811428511 1.4841831203438953
true 7.477802817100005 5.155829086888999 1.4824755933893496
max 7.4694294318234995 5.1555450053622565 1.4841267104332951
true 7.477943037510005 5.157476265688999 1.4824191315493496
max 7.469597920461437 5.1575391705821065 1.484106432998308
true 7.4781115248300045 5.1594704148889985 1.4823988324593496
max 7.469935295681696 5.161427715189617 1.4838909161014384
true 7.4784489005100045 5.163358973148998 1.4821833399693496
max 7.470822675922196 5.1718124035119075 1.483752304919731
true 7.479336373840005 5.173744695748998 1.4820449317893496
max 7.472557098227239 5.192078231118185 1.4835168662061617
true 7.481070000590005 5.194000712638998 1.4818110815793497
max 7.474258338981942 5.211977621496395 1.4833968937716657
true 7.482771119590005 5.2138994598789985 1.4816964112193496
max 7.476375603444962 5.236669153812343 1.4832223089923147
true 7.484888434920005 5.238589333928998 1.4815065499893496
max 7.479981645340776 5.27867918631474 1.4829849214299191
true 7.488493111050005 5.280579939118999 1.4812709958093497
max 7.483656650741074 5.321471159609374 1.482889297545785
true 7.492167745780005 5.323371920848999 1.4811763794593498
max 7.487419244731645 5.365310223744623 1.4828496197997434
true 7.495929767030005 5.367212020958998 1.4811641726293496
max 7.4911814505053504 5.409150969000238 1.4828286628045553
true 7.499692369930005 5.411052084258999 1.4811499742393497
max 7.4955680129186275 5.460244096240596 1.4827894191286977
true 7.5040766301300055 5.462125686008998 1.4811318155093496
max 7.4987113570722395 5.496850248290013 1.4827652074361624
true 7.5072195809200055 5.498732039878998 1.4811181808693497
max 7.503095633464399 5.547911186776413 1.4827633776273532
true 7.511605505130006 5.5498055120149985 1.4810985707993496
max 7.50624152523633 5.5845426720017315 1.4827523179264448
true 7.514749686700005 5.586411767755998 1.4810842388293497
max 7.510005777333657 5.628380437253037 1.482788038875162
true 7.518515868600006 5.630251536586998 1.4810668648993497
max 7.513777485929137 5.672243399739355 1.4826842731383147
true 7.522282815550006 5.674091239116998 1.4810493397693496
max 7.517543541144498 5.7160708485075835 1.4827003926814886
true 7.526050533360006 5.717930876867998 1.4810317012093497
max 7.521931752346487 5.767135932296336 1.4826936022089932
true 7.530440903060006 5.769003975282998 1.4810110522693496
max 7.525078107359793 5.80372634416594 1.4826924840437923
true 7.533588297960006 5.805609958329998 1.4809962211093497
max 7.528226052898534 5.840333683041408 1.4826999495171436
true 7.536736236250006 5.842215895013998 1.4809813698693497
max 7.5326182429378585 5.891396163624644 1.482684848762757
true 7.541129178330006 5.893288768018999 1.4809606319893496
max 7.536391097326137 5.9352513962934195 1.4826547767577822
true 7.544900789780006 5.937128073934999 1.4809428002593497
max 7.540163110611287 5.979096478983345 1.4826741984805718
true 7.548673183590005 5.980967314207999 1.4809249552693498
max 7.543937647904489 6.02294836778972 1.4826582588362645
true 7.5524463593200055 6.024806485148999 1.4809071129993496
max 7.548339429033043 6.074085085686134 1.4826273439717885
true 7.556843095470005 6.075879033692999 1.4808863295093497
max 7.551490952142644 6.110680884725193 1.4826201962634151
true 7.559995056950005 6.112484622502999 1.4808714314893496
max 7.555882017108597 6.161741072101397 1.4825887154730668
true 7.564393616310006 6.163557017161999 1.4808506235393497
max 7.559037591274206 6.1983659999679155 1.4825460825371193
true 7.567546885470006 6.200162496138999 1.4808357133093497
max 7.562816769811627 6.2422337668155965 1.4825476036569394
true 7.5713239737400055 6.244001330411999 1.4808178620293497
max 7.566584538963006 6.28595631228126 1.4825532380136062
true 7.575101844330006 6.287840095992999 1.4808000182393497
max 7.570362211824435 6.329779617420587 1.482544286252661
true 7.578880497050006 6.331678793825 1.4807821689993497
max 7.574764474184764 6.380836559756159 1.482531536910459
true 7.583283615440006 6.3827507962559995 1.4807613581193497
max 7.577935679086886 6.417596264533121 1.4824797094310498
true 7.586440152050006 6.419355993062299 1.4807464499593497
max 7.582322689040083 6.468486203465148 1.4825011773089725
true 7.590845093950006 6.4704278355564995 1.4807256560893496
max 7.585495668511044 6.505280069157115 1.482534836219784
true 7.594002937000006 6.507032917604709 1.4807107589893496
max 7.589278331945893 6.549110265741831 1.4824959895949124
true 7.597785502990006 6.550871279386299 1.4806929049593496
max 7.593060034415053 6.592918224151816 1.4824582643872684
true 7.601568852320006 6.594709576174099 1.4806750435193496
max 7.597466548723568 6.643964550172228 1.482429737625294
true 7.605977441040006 6.645781104090998 1.4806542470493496
max 7.601252622551935 6.687820641504807 1.482470028212901
true 7.609762484360005 6.689619251845999 1.4806364031393497
max 7.6044127010114515 6.724406511209246 1.4824321239625655
true 7.612923594420005 6.7262240517819984 1.4806215061793497
max 7.608827102418475 6.775515700940504 1.4824304134613189
true 7.617334917730005 6.777295345270998 1.4806007014293496
max 7.6119906232919226 6.812134760289519 1.4824363955540174
true 7.620497335350005 6.813900035579998 1.4805857920693497
max 7.615779312157204 6.855992362932363 1.4824413406767691
true 7.624285379650005 6.857737924644998 1.4805679438593498
max 7.6195640212458 6.899819755845484 1.482439117123022
true 7.628074206210005 6.901575745309998 1.4805501030393498
max 7.623980402852481 6.950912046484406 1.482436210950417
true 7.632489175190005 6.952646720188998 1.4805293149493497
max 7.627770421448839 6.994751389478811 1.482408770819374
true 7.636279695910005 6.996484397735998 1.4805114558993497
max 7.6309339975319395 7.031333048296211 1.4823960803261897
true 7.639445380110005 7.033088804984998 1.4804965509893497
max 7.6340994073627035 7.067860270713289 1.4823216557639463
true 7.642611609810005 7.069693164755998 1.4804816498893496
max 7.63851784493813 7.11894583287288 1.4823278794659336
true 7.647030074810004 7.120763837608998 1.4804608693293497
max 7.642309375996547 7.162769711520068 1.482332957029871
true 7.650823595150004 7.164601252312998 1.4804430235693498
max 7.646100485857974 7.206571008747822 1.4823154125311913
true 7.654617898630004 7.208438602681999 1.4804251667193498
max 7.64989549441394 7.250401329717989 1.4822840307270286
true 7.658412984330004 7.252275883000999 1.4804073199893497
max 7.65432297941691 7.3015230933040876 1.4822238005127588
true 7.662835245690005 7.303346228836999 1.4803865359093498
max 7.6574944003369785 7.338145017422015 1.482217873741342
true 7.666005501900004 7.339950237932999 1.4803716445093498
max 7.660659059793294 7.3746766626755145 1.482230993730117
true 7.669176303670004 7.376554202026998 1.4803567411593497
max 7.665083575618095 7.425754500972421 1.4822040606545661
true 7.673601148780004 7.427624326744998 1.4803359421893496
max 7.6688851485880045 7.46960100421569 1.482164539910764
true 7.677400145710004 7.471461268158998 1.4803180989693496
max 7.672686253451356 7.513455561959357 1.4821332600058201
true 7.681199924750004 7.515298141388998 1.4803002622993497
max 7.676483531777425 7.557270865840618 1.4821725755920694
true 7.685000485240004 7.5591349450089975 1.4802824277593496
max 7.680910003623965 7.608310329003403 1.4821853317522102
true 7.689429125380005 7.610204740638998 1.4802616299493496
max 7.684083936861805 7.644903933843442 1.4821747773868519
true 7.692603954200004 7.6468083563589975 1.4802467283893497
max 7.687265559647399 7.6815669713956405 1.4820645524189495
true 7.695779328280005 7.683411924068998 1.4802318315093497
max 7.692327775909282 7.739909238303572 1.4821036521337974
true 7.700838235310005 7.741714513388998 1.4802081143293497
max 7.6955041154768375 7.776517096472093 1.482105760179509
true 7.7040150225600055 7.778317957438998 1.4801932187893496
max 7.699309248458012 7.82035475871281 1.4820871022300341
true 7.707820276560006 7.822154358778998 1.4801753671493496
max 7.703101038427671 7.864045991084492 1.482160109275384
true 7.711626312600006 7.8659906901489975 1.4801575248593497
max 7.706912839822374 7.907935480976689 1.4821517699771316
true 7.715433130690006 7.909826953358998 1.4801396880493496
max 7.709572274016329 7.954015606543993 1.482145467752226
true 7.718095676270006 7.955946886288998 1.4801169301193497
max 7.709572121886688 7.961446274385428 1.4821487693467907
true 7.718095534010006 7.963378786958998 1.4801194214093496
max 7.709483882009318 7.959935389924834 1.48757543454995
true 7.718093078320006 7.9633372161589975 1.48505193293935
max 7.7096138790531334 7.9619290265630935 1.5077218661976124
true 7.718084550990006 7.963134512718997 1.50826869356935
max 7.70928405594422 7.954665572914177 1.5297447627107066
true 7.7180808437900055 7.962945752268997 1.5298361319093499
max 7.709349584334951 7.952303185751902 1.6007493702643973
true 7.7180981588100055 7.962310686168997 1.6008889512393498
max 7.709527330511397 7.9509382167717115 1.73639268198521
true 7.718253665510006 7.961111968108996 1.7355308006493502
max 7.70973357397974 7.950311310945013 1.9792743301814557
true 7.718935571690006 7.959035111698997 1.97960804694935
max 7.711196370522505 7.946820963328334 2.206790512223371
true 7.719999595440005 7.957306396298997 2.20629182339935
max 7.713946896228592 7.944161090940986 2.481755612694285
true 7.721771184910005 7.955596520658997 2.48169174219935
max 7.715501415320136 7.9466474693746285 2.8174875870866685
true 7.724662390360005 7.9543380775389965 2.81733530229935
max 7.715627678008841 7.946818581653499 2.817493180913051
true 7.7246623186700045 7.954337980378996 2.81733496537935
max 7.714861974324311 7.947078261786306 2.8174552229621783
true 7.723896600480005 7.954597665428996 2.81729699218935
max 7.712962071235791 7.947708234774137 2.8174488792353847
true 7.721996684540005 7.955227642708996 2.81729061629935
max 7.710301923945847 7.948596211738059 2.8174129535592156
true 7.719336579550005 7.956115605978996 2.81725458391935
max 7.704382456952574 7.950584355194853 2.817317817212295
true 7.713417413650005 7.9581036516789965 2.8171592271793497
max 7.694133000847195 7.9540002955973685 2.8172561985399103
true 7.703166796550004 7.961519970538996 2.81709747298935
max 7.6722969582746385 7.961279689830834 2.8171382890854257
true 7.681326341120004 7.968800794388996 2.81697834194935
max 7.64694604062946 7.9697258728639815 2.8170293021283195
true 7.655968660480004 7.977249220418996 2.81687011797935
max 7.615252473826576 7.980272753140174 2.816933860666902
true 7.624244941300004 7.987805429508996 2.8167968240193497
max 7.577239780131759 7.992932856585123 2.8167938669213566
true 7.586238997200004 8.000462526058996 2.81668988974935
max 7.535508564720887 8.006806223929036 2.8167947054568128
true 7.544495022460004 8.014340224078996 2.81667497311935
max 7.486928776633859 8.022951079688518 2.8167972697793795
true 7.495849862070004 8.030509138928997 2.81666719705935
max 7.452065362534335 8.034539868605997 2.816749895145861
true 7.460984093190003 8.042098294398997 2.81665979450935
max 7.417181176765075 8.046136175011926 2.8167138422986664
true 7.4261184095300035 8.053687726528997 2.8166514894593497
max 7.368519148448056 8.062312995398317 2.8167307699881223
true 7.377473633280004 8.069857921858997 2.81663896397935
max 7.326770011018346 8.076190889855127 2.816770619363496
true 7.335718619870004 8.083738418628997 2.81662769787935
max 7.2849749466058045 8.090084331418803 2.816789088540611
true 7.293963764710004 8.097619391378997 2.81661617372935
max 7.2432152441971525 8.103967193717592 2.8167778483353523
true 7.2522090694700045 8.111500849248996 2.81660449715935
max 7.194592190127609 8.120133738664043 2.8167634778501784
true 7.203565055530005 8.127673364478996 2.8165907907893497
max 7.159733438737753 8.131723413804874 2.8167550878396197
true 7.168700166610005 8.139265236468995 2.81658090727935
max 7.124877903930128 8.143313212242049 2.816752277384538
true 7.133835392040005 8.150857453608996 2.81657100508935
max 7.076280048574861 8.159474481750761 2.816696227458081
true 7.085191918300005 8.167031602398996 2.81655717342935
max 7.034507836017782 8.173364550300102 2.8166878296985303
true 7.043438042430005 8.180915528618996 2.81654529730935
max 6.99267925901006 8.187269890970976 2.8167410206301766
true 7.001684332250005 8.194799950248996 2.81653341564935
max 6.950992889170447 8.201136498531303 2.8166691967809365
true 6.959930783876005 8.208684869938995 2.81652151233935
max 6.902342497084693 8.217316015040197 2.816635992697841
true 6.9112881100000045 8.224861427348996 2.8165076524893498
max 6.8674925857775335 8.228906438923163 2.8165911471218323
true 6.876424185940005 8.236456198578995 2.81649771867935
max 6.8326085539305215 8.24050868731375 2.8165701967795025
true 6.841560377839005 8.248051315648995 2.81648779417935
max 6.783989678938384 8.256677807288497 2.8165348514576727
true 6.792918250808005 8.264229512238995 2.81647393851935
max 6.742225848975222 8.270569650176824 2.816572049605652
true 6.751165528099005 8.278116915498995 2.81646203240935
max 6.700496853877155 8.284447262058304 2.816603041376432
true 6.709412972702005 8.292004814778995 2.81645013526935
max 6.6586960112573745 8.298354250943897 2.8165267882657985
true 6.667660582622005 8.305893210798995 2.81643824037935
max 6.61005678563932 8.31453295028682 2.8165414317531288
true 6.6190192581830045 8.322073817278994 2.8164243951293497
max 6.575211522841114 8.326124576369773 2.816548261806577
true 6.584156298808004 8.333671491418995 2.81641445621935
max 6.540333648356563 8.337727207961494 2.816535710006056
true 6.549293453857004 8.345269512538994 2.81640451704935
max 6.4916937204384615 8.353908366750307 2.816537011018977
true 6.500652673451004 8.361451760448995 2.81639065808935
max 6.449939541550465 8.367800517131187 2.8165602113929484
true 6.458901109712004 8.375342639548995 2.8163787684493498
max 6.408185064504399 8.38169252120627 2.816547147792501
true 6.417149712365004 8.389234014188995 2.81636688409935
max 6.366425537049504 8.39558612541841 2.816523341556134
true 6.375398477055004 8.403125886788995 2.8163549802893497
max 6.317743120263706 8.411787173979521 2.816478926401821
true 6.326758497308004 8.419310544678995 2.81634112044935
max 6.282874546509871 8.423389882873025 2.816436838630934
true 6.291896504611004 8.430911121608995 2.81633118804935
max 6.248032017300954 8.434984212716401 2.8164407910967975
true 6.257034627601004 8.442512044498995 2.81632126416935
max 6.192464320138277 8.453480372680916 2.816325848480982
true 6.201506366824004 8.460990875258995 2.8163054516793498
max 6.157557420620884 8.465097651245161 2.816300871314862
true 6.166644786052005 8.472592696568995 2.81629551237935
max 6.115782793923005 8.479000723729541 2.8163049359361376
true 6.124894543517005 8.486487548298994 2.81628361856935
max 6.074053914442552 8.492889222105422 2.816276562113004
true 6.083144466549505 8.500382896488995 2.81627172619935
max 6.032305402039315 8.506783816811577 2.8162870120628605
true 6.041394556166205 8.514278740288995 2.81625984653935
max 5.990526405417784 8.520689226293218 2.816303160097383
true 5.999644809477226 8.528175080788996 2.81624795251935
max 5.941874244216806 8.536882614650791 2.8163035068041955
true 5.951006561090504 8.544364944928995 2.81623409057935
max 5.907029636586165 8.54848108888096 2.8163020362543607
true 5.916145810268405 8.555969252908996 2.81622416076935
max 5.872185697478568 8.560080254367872 2.8162829655846195
true 5.881285174506004 8.567573907168995 2.81621423325935
max 5.823535537525816 8.576276778333261 2.816243922066951
true 5.832647475692005 8.583765409038996 2.81620039414935
max 5.7817833436872865 8.590176962234029 2.81626233580534
true 5.790898554138004 8.597664232228995 2.81618849590935
max 5.740014982590411 8.60408358023765 2.8162452949892387
true 5.749149797732004 8.611563552328995 2.81617660098935
max 5.698302382758166 8.617789497656739 2.8278489796964466
true 5.707446193450004 8.625265866898996 2.82778060514935
max 5.649484604187796 8.632798760278725 2.8510744761689035
true 5.658648623508004 8.640267685748995 2.8510698430493497
max 5.61450564226892 8.642750525880853 2.8728415258918987
true 5.623500069412004 8.650279099388994 2.8726720185993497
max 5.579396960608955 8.651319188014115 2.9309768395396327
true 5.588321482013004 8.658871323798994 2.9309417679193497
max 5.530374589872933 8.658449187963658 3.0474441877081087
true 5.539293141696004 8.666003992108994 3.04738452109935
max 5.5133686954023835 8.658726902196719 3.125736860481531
true 5.522308440618004 8.666274176698995 3.12574531350935
max 5.513364506042666 8.658722935415355 3.1259563156221906
true 5.522298232334004 8.666274427388995 3.12588126678935
max 5.5160593974425955 8.658768455678546 3.131570716098633
true 5.522343617785004 8.666275170438995 3.1308119959993497
max 5.518394603599725 8.658846624038135 -3.129706163765006
true 5.522553628967004 8.666281972248996 -3.12915636627065
max 5.517645896772696 8.658807314358132 -3.112544613179002
true 5.522704067702004 8.666289818748997 -3.112473314000649
max 5.51444917115181 8.658546651763276 -3.068558466468652
true 5.5230768130170045 8.666319997838997 -3.070979734000649
max 5.520551644983196 8.659224923217145 -2.934560280687805
true 5.524280186493004 8.666526185378997 -2.9350014801606488
max 5.525663619659691 8.660975875391893 -2.7483912134743935
true 5.525860044303005 8.667067281118998 -2.748789698700648
max 5.528566031164477 8.662947136658763 -2.491338260500706
true 5.527803860529005 8.668259871038998 -2.4940437478806476
max 5.531379885086016 8.666060599636653 -2.172920673431033
true 5.529716460871005 8.670379379558998 -2.174435242690647
max 5.531695192184993 8.666934739590676 -1.7179833511458344
true 5.531084658420005 8.674160237928998 -1.7220627348106472
max 5.531875338909261 8.6725316998525 -1.5268895535177807
true 5.531146599092005 8.675997546248997 -1.5322172453306475
max 5.532126560978902 8.672587652557342 -1.5265930493845736
true 5.531146717255005 8.675997572548997 -1.5322153862106473
max 5.532133339006038 8.672589177459855 -1.5263228044969515
true 5.531146850471005 8.675997602488996 -1.5322132700306474
max 5.532140186712272 8.672481878891142 -1.5379074434246223
true 5.531153705429006 8.675890190338997 -1.5437977917006473
max 5.532149249562828 8.672298716943372 -1.5579111658649498
true 5.531162762398005 8.675707147348998 -1.5638014413406474
max 5.532154644265187 8.67211504652715 -1.5779138606543366
true 5.5311681555260055 8.675523530538998 -1.5838041423706475
max 5.532156410487972 8.671906007396002 -1.601209052739514
true 5.531169920945006 8.675314585978997 -1.6070993607406474
max 5.532156492287691 8.671904518452871 -1.6014540759049831
true 5.531170032237005 8.675312560188997 -1.6073447331306474
max 5.532234559710285 8.671915369504214 -1.6010518776043288
true 5.5311701291280055 8.675312573618998 -1.6073432134206473
max 5.5324498579033 8.670149827302797 -1.6017468243304642
true 5.531110747680006 8.673507988938997 -1.6074268394906475
max 5.532110061893611 8.66811073300652 -1.6011606078570004
true 5.531045627466006 8.671507818288998 -1.6074520824906475
max 5.531962847210386 8.663678532859542 -1.6013451251619422
true 5.530898407023006 8.667075418638998 -1.6076367663606475
max 5.531886202858157 8.65318486505457 -1.6022685037132731
true 5.530547046717006 8.656541430098997 -1.6079475036406474
max 5.531189190405735 8.632322114040724 -1.602489609224929
true 5.529849978872005 8.635679109348997 -1.6081731400106474
max 5.530495338209602 8.611741234337561 -1.602742747095507
true 5.529156276747005 8.615102229768997 -1.6084261035706475
max 5.529467157451556 8.581344687821462 -1.6029474786643556
true 5.528128265000006 8.584697565778997 -1.6086110109406475
max 5.528418367175504 8.550586069305293 -1.6031797861059474
true 5.527078890915005 8.553926880418997 -1.6088622711506475
max 5.526723302091776 8.501057305133902 -1.6033859198964504
true 5.525385270629005 8.504420412838996 -1.6090210965006475
max 5.525218760667695 8.457076963995279 -1.6033686052313147
true 5.523880313453006 8.460444958618996 -1.6090367019006475
max 5.523713907323437 8.413112779377714 -1.603352702033781
true 5.522374644373006 8.416469520978996 -1.6090534136506474
max 5.522205138455026 8.369101581670648 -1.6034479173459297
true 5.520868219840006 8.372494105048997 -1.6090710042906475
max 5.520447429948502 8.317853272772142 -1.6034866065527817
true 5.519112244723006 8.321262789048996 -1.6090920741506474
max 5.519188395792784 8.281147962534423 -1.6035051908500775
true 5.517853001349006 8.284543369858996 -1.6091074087306474
max 5.517928492949846 8.24441544133919 -1.6035060018103175
true 5.516593192694006 8.247823970158997 -1.6091228613406474
max 5.516170317355833 8.193186364972421 -1.6035619033473132
true 5.514834544169006 8.196592741448997 -1.6091445645206475
max 5.514660485706122 8.149204480897373 -1.6035838993140805
true 5.5133240848060066 8.152617466168998 -1.6091633103606475
max 5.5131490162561665 8.105227963208357 -1.6036053150524392
true 5.511812800306006 8.108642220508997 -1.6091820959506475
max 5.511637662343416 8.061236126148867 -1.6036250219074548
true 5.510300688700006 8.064667004338997 -1.6092009300306473
max 5.509875630053654 8.009990125508116 -1.6035730535131252
true 5.508538033856007 8.013435914048998 -1.6092228848106473
max 5.508612333955775 7.9732824541314224 -1.6035979649169823
true 5.507273979093006 7.976716655898998 -1.6092386537206476
max 5.507346338287528 7.93656848991526 -1.603739248774413
true 5.506009344981006 7.939997417598998 -1.6092544348806475
max 5.505326563763219 7.878030453232188 -1.6037814119132443
true 5.503993821591006 7.881510530318998 -1.6092795624806475
max 5.5040643163617435 7.8414023835989 -1.6037593072166787
true 5.502727685477006 7.844791346458998 -1.6092953454506476
max 5.50255041587537 7.79749011378256 -1.6037432794977586
true 5.501210592470006 7.800816301738998 -1.6093142356906474
max 5.501033092748195 7.753514038809844 -1.603734616817895
true 5.499692667939006 7.756841282658998 -1.6093331566906475
max 5.499514759523012 7.709518169513496 -1.6037264105236433
true 5.4981739114780055 7.712866293148998 -1.6093520681606475
max 5.497745724748548 7.65829218076335 -1.603707222176787
true 5.496403511738006 7.661635468128998 -1.6093740981206475
max 5.496475970969169 7.621578514510867 -1.6037174341611087
true 5.495133904350006 7.624916404348998 -1.6093898820706474
max 5.495206440982606 7.584868211950191 -1.603730721794628
true 5.493863717481005 7.588197359308998 -1.6094056618106474
max 5.493432217558251 7.533617196101594 -1.6037801286391415
true 5.492090571403005 7.536966626578998 -1.6094277102106473
max 5.491909268525327 7.489629744706839 -1.60378079006275
true 5.490567657131005 7.492991781177998 -1.6094466171906474
max 5.49038500375182 7.445617732490378 -1.603751600337965
true 5.489043911439005 7.449016965801998 -1.6094655297306475
max 5.488853054810141 7.401649377222892 -1.6039696581168934
true 5.487519334372005 7.405042180531998 -1.6094844277506475
max 5.487076671498705 7.3504111829681245 -1.6039810052664742
true 5.485742153680005 7.353811588511999 -1.6095064609306475
max 5.485801922943687 7.313679587882168 -1.6039719964032597
true 5.484467685599005 7.317092689978999 -1.6095222604206474
max 5.484024153283769 7.262480974283757 -1.604000535138902
true 5.4826885668770045 7.265862166192999 -1.6095442846906474
max 5.483004830308038 7.2263382723930265 -1.604004626677165
true 5.481669664758004 7.229716289332999 -1.6095343852806474
max 5.48300604623478 7.208470121142476 -1.6041403701744874
true 5.481670796270004 7.2118437104919995 -1.6096763618606476
max 5.483005743922982 7.208426793730437 -1.6090792716583253
true 5.481670494109004 7.211800404429 -1.6146151906306474
max 5.483002135864138 7.208249597025899 -1.6290173972612683
true 5.4816668855780035 7.211623184443 -1.6345535960706474
max 5.482992550926274 7.208027799164043 -1.6539056604080653
true 5.481657308940004 7.211401578693 -1.6594421690506473
max 5.482955116548823 7.207585179051253 -1.7036883402015028
true 5.4816198512340035 7.210958682754 -1.7092244776706476
max 5.48281856231501 7.206732670394701 -1.800147545215951
true 5.4814834204690035 7.210106944555999 -1.8056838024506474
max 5.482249353775587 7.204945510038012 -2.009588841088441
true 5.480914154111003 7.2083196090029995 -2.0151248743906476
max 5.481073391531064 7.20298633665346 -2.2641888105847303
true 5.479741386789003 7.206365759741 -2.2697273468906474
max 5.478983632676634 7.20105914402881 -2.582165446253275
true 5.477651669321003 7.204438596339 -2.5877027284306475
max 5.475797298337557 7.199732166568195 -2.9669223947977073
true 5.474481147718003 7.203118217495 -2.9724548778606477
max 5.471211453914867 7.199904916423145 2.8010904747487126
true 5.469901682713003 7.20329073851 2.7955666909593524
max 5.470316188113246 7.199442095301171 2.7393073935806784
true 5.469213601298002 7.202935025502 2.7337761925593527
max 5.470557458756109 7.199338541816859 2.740723905612183
true 5.469239182054002 7.202924074258 2.7370786601093524
max 5.469475711331939 7.199752005525879 2.7631259730924067
true 5.469414890666002 7.202856791001 2.7586633565093526
max 5.4725195183436846 7.19866549817853 2.7809272022677796
true 5.469579576292002 7.202798276049 2.7786424288893525
max 5.472093391068316 7.198802728791886 2.8357410287587554
true 5.470040760765002 7.202649892908 2.8333612884093524
max 5.471701526569991 7.1988915982028585 2.9527384969813286
true 5.471049409836002 7.202420774781 2.9495281346493525
max 5.473522426069741 7.198799668900562 -3.1102149904910297
true 5.473019361257002 7.202320929114 -3.112760323850647
max 5.473265172451154 7.1987950248015204 -2.997826668727282
true 5.4742208760720015 7.202343214555 -3.001254900820647
max 5.473045245543638 7.199593763938793 -2.9974197794586894
true 5.474220902313002 7.2023431192250005 -3.001253552440647
max 5.472879923076728 7.199566433776909 -3.015633653216605
true 5.474055688019002 7.202315806940001 -3.019467215540647
max 5.472729016813269 7.199544200229011 -3.032342184015513
true 5.473904618316002 7.202293549300001 -3.036175631920647
max 5.472404990110834 7.200037775819638 -3.052319479622028
true 5.473723170904002 7.202270215037001 -3.056182640500647
max 5.472280733444124 7.200023941577842 -3.065855619665774
true 5.473599058693002 7.202256396873001 -3.069718550930647
max 5.4720908903838765 7.200754311636866 -3.065689302812287
true 5.473599088639002 7.202256281629001 -3.069716691420647
max 5.470959993823937 7.200666259721467 -3.065637150278052
true 5.472468213048002 7.202168231370001 -3.069664567620647
max 5.469294656090138 7.200539436316188 -3.0656297028124864
true 5.470802883496002 7.202041408672001 -3.069657128570647
max 5.4676293009072054 7.200412599510449 -3.0656227864349552
true 5.4691375507850015 7.201914573520001 -3.069650176630647
max 5.46074511729567 7.199881250929496 -3.065512126077889
true 5.462252993052002 7.201383199442001 -3.069539653480647
max 5.447405711123256 7.198854130815755 -3.065409821572472
true 5.448914704761002 7.200356186844001 -3.069439336710647
max 5.427753304014073 7.1973440324487905 -3.065321972483759
true 5.429259770636002 7.198845884690001 -3.069354652110647
max 5.401403082990103 7.1953241907663115 -3.0652797040456807
true 5.402913565474002 7.196826242606001 -3.069307893820647
max 5.362240353066658 7.192317364638361 -3.065178118767718
true 5.363723695971002 7.193817473258001 -3.069220573290647
max 5.3288661363292364 7.1897544499699855 -3.065114211085261
true 5.330371372794002 7.191255377223001 -3.069146412740647
max 5.292250260562212 7.18694782948906 -3.065115532573976
true 5.293751168476002 7.188448432107001 -3.069142434070647
max 5.233961175943639 7.18247997388993 -3.065043432100276
true 5.2354017914760025 7.1839776652710015 -3.069145286090647
max 5.197329449927843 7.179675491827751 -3.0651324154627595
true 5.198768924850002 7.181170882823001 -3.069145600210647
max 5.153470601331398 7.176312918206102 -3.065044952479777
true 5.154897246441002 7.177809459917001 -3.069144920340647
max 5.109587548960503 7.172950762157772 -3.065023496610353
true 5.111025579514002 7.174447988619002 -3.069143435790647
max 5.065686868409208 7.169587763954061 -3.0650496470431055
true 5.067153920370002 7.171086440495002 -3.069141444890647
max 5.014595297854487 7.16567322643442 -3.065043225273258
true 5.0160434518980015 7.167170115648002 -3.069138677590647
max 4.977977397692691 7.162868147694327 -3.065070340452962
true 4.979410635480002 7.164363044786002 -3.069136499990647
max 4.941320813590391 7.160059159004003 -3.065076276075176
true 4.942777827720001 7.161555892149003 -3.069134208490647
max 4.890221041709859 7.156142807488475 -3.0650697837404794
true 4.891667394870002 7.157639182244003 -3.0691308782206472
max 4.84633801771017 7.1527787930087365 -3.065025870414172
true 4.847795787790002 7.154277062321002 -3.069127964280647
max 4.802455668598522 7.149418211378896 -3.0650676676599637
true 4.803924192160002 7.150914813251002 -3.069124987800647
max 4.75858308187698 7.146055169231664 -3.065044011980206
true 4.760052606950002 7.147552432898002 -3.069121981260647
max 4.707525024709997 7.1421406012315085 -3.0649623242972486
true 4.708942225440002 7.143635092578002 -3.069118438080647
max 4.670901855151423 7.139333784264474 -3.0649851630219245
true 4.672309469330003 7.140827273480002 -3.069115898550647
max 4.634275763775583 7.136526258998711 -3.064961284693255
true 4.635676720060003 7.138019361469002 -3.069113362530647
max 4.583105184929658 7.132603112180879 -3.064927103878743
true 4.584566370330003 7.134101579887003 -3.069109797870647
max 4.539267105419567 7.129241273323814 -3.064891154852425
true 4.540694837390003 7.130738531925003 -3.069106735260647
max 4.495395562172315 7.125878601076054 -3.0648890387431744
true 4.496823316090003 7.127375349260003 -3.069103656360647
max 4.451656723630111 7.122531281043289 -3.0650781875590885
true 4.452951802310003 7.124012031723003 -3.069100597320647
max 4.407760345399209 7.119167327091503 -3.0651218119618027
true 4.409080299430003 7.120648580112004 -3.069097536280647
max 4.35665864180448 7.115250887361374 -3.0651137796374113
true 4.357970011830003 7.116729989261004 -3.069093959140647
max 4.320046408509748 7.112440259496399 -3.0650133800480694
true 4.321337326520003 7.1139212731120045 -3.069091391750647
max 4.283398072943199 7.109630784219719 -3.0650177210031737
true 4.284704648370003 7.1111124627060045 -3.069088817220647
max 4.232276295357517 7.1057116121887285 -3.0650425102884316
true 4.2335943939000025 7.107193426463005 -3.069085253930647
max 4.1884225223127824 7.10234826537865 -3.065019582978568
true 4.189722942990002 7.103829301546005 -3.069082185120647
max 4.144555362207196 7.09898490960866 -3.0650362191976717
true 4.145851502370002 7.100465041910005 -3.069079114830647
max 4.100825626323138 7.095632723022086 -3.065098557321642
true 4.101980074140002 7.097100647555005 -3.0690760354806472
max 4.065688143220842 7.09441316740513 -3.0652285572466633
true 4.066841747910002 7.095881129894005 -3.069209354980647
max 4.061689793466234 7.094413074285156 -3.0652286515518123
true 4.062842981920002 7.095881032602005 -3.069208040440647
max 4.061697114353485 7.094384625187281 -3.065328780926695
true 4.062843006740002 7.095880936152005 -3.069206491590647
max 4.061951255854003 7.093398563563331 -3.065504266931136
true 4.062843031570003 7.095880839680005 -3.069204942390647
max 4.062081969218877 7.092890558413467 -3.0657766487317355
true 4.062843066210003 7.095880705081004 -3.069202780930647
max 4.062123270170909 7.0927301979454915 -3.0657527476359037
true 4.062843095940003 7.095880589544004 -3.069200925600647
max 4.061458675273763 7.094683359140774 -3.067048420460874
true 4.062843125670002 7.095880474008004 -3.069199070250647
max 4.061492247111888 7.094553005005935 -3.0667983824897287
true 4.062843155410002 7.095880358472003 -3.069197214900647
max 4.0619722975543215 7.093317726001218 -3.066906682733301
true 4.062843190050002 7.095880223872003 -3.069195053420647
max 4.061941290792736 7.093438179688489 -3.0664859103671365
true 4.062843214870003 7.095880127399003 -3.069193504200647
max 4.062110345910729 7.092781097416886 -3.0664443410480917
true 4.062843239700003 7.095880030926002 -3.069191954970647
max 4.0621765497035085 7.092523862678994 -3.0663693248247994
true 4.062843274340003 7.095879896325003 -3.069189793480647
max 4.062096244652092 7.092836426100697 -3.0669683075112113
true 4.062843304080003 7.095879780788003 -3.069187938120647
max 4.062028487040769 7.093099238418744 -3.0668899565083247
true 4.062843333810003 7.095879665251004 -3.069186082750647
max 4.061937190123979 7.093454122822735 -3.066824233320604
true 4.0628433635500025 7.095879549714003 -3.069184227380647
max 4.0617053452154375 7.094355470822051 -3.0671848773238946
true 4.062843398190003 7.095879415113004 -3.069182065880647
max 4.061674142654683 7.094476859984112 -3.0672384536146575
true 4.062843423020003 7.095879318640003 -3.069180516640647
max 4.06186213912975 7.093745154346141 -3.0678698924718315
true 4.062843447850003 7.095879222166003 -3.069178967410647
max 4.061821867016918 7.093902003870418 -3.0676856377255914
true 4.0628434824900035 7.095879087565003 -3.0691768058906472
max 4.061908685125069 7.0935649175396716 -3.0675582103247616
true 4.062843512230003 7.095878972028004 -3.069174950520647
